1,1,test,1,1,1,1,1,1,1,2.20
1,test,test,te,"test desc",1234567890,1234567890,1,1,2017-07-19,1252.011,1,1,1,1,1,1,1
